{
 "cells": [
  {
   "cell_type": "code",
   "execution_count": 1,
   "id": "c72c73fa",
   "metadata": {},
   "outputs": [],
   "source": [
    "import pandas as pd\n",
    "import numpy as np\n",
    "from sklearn.model_selection import train_test_split\n",
    "from sklearn.ensemble import RandomForestRegressor\n",
    "from sklearn.metrics import r2_score\n",
    "from tensorflow.keras.models import Sequential\n",
    "from tensorflow.keras.layers import Dense\n",
    "from tensorflow.keras.optimizers import Adam"
   ]
  },
  {
   "cell_type": "code",
   "execution_count": 2,
   "id": "600b4a4e",
   "metadata": {},
   "outputs": [
    {
     "name": "stdout",
     "output_type": "stream",
     "text": [
      "Rows after merge: 9,319\n",
      "Rows after dropping missing values: 8,234\n"
     ]
    }
   ],
   "source": [
    "landsat = pd.read_csv('landsat_features_training.csv')\n",
    "terra = pd.read_csv('terraclimate_features_training.csv')\n",
    "\n",
    "df = pd.merge(landsat, terra, on=['Latitude', 'Longitude', 'Sample Date'], how='inner')\n",
    "print(f\"Rows after merge: {len(df):,}\")\n",
    "\n",
    "core_cols = ['nir', 'green', 'swir16', 'swir22', 'NDMI', 'MNDWI', 'pet']\n",
    "df = df.dropna(subset=core_cols).copy()\n",
    "print(f\"Rows after dropping missing values: {len(df):,}\")"
   ]
  },
  {
   "cell_type": "code",
   "execution_count": 3,
   "id": "346139a7",
   "metadata": {},
   "outputs": [],
   "source": [
    "df['Sample Date'] = pd.to_datetime(df['Sample Date'], format='%d-%m-%Y', errors='coerce')\n",
    "df = df.dropna(subset=['Sample Date'])\n",
    "df['month'] = df['Sample Date'].dt.month\n",
    "df['month_sin'] = np.sin(2 * np.pi * df['month'] / 12)\n",
    "df['month_cos'] = np.cos(2 * np.pi * df['month'] / 12)"
   ]
  },
  {
   "cell_type": "code",
   "execution_count": 4,
   "id": "b273fa27",
   "metadata": {},
   "outputs": [
    {
     "name": "stdout",
     "output_type": "stream",
     "text": [
      "\n",
      "Correlation matrix BEFORE feature selection:\n",
      "\n",
      "              nir   green  swir16  swir22    NDMI   MNDWI     pet  month_sin  \\\n",
      "nir        1.0000  0.5624  0.7227  0.6311  0.1416 -0.4329 -0.1585     0.1191   \n",
      "green      0.5624  1.0000  0.5935  0.5535 -0.1295  0.1283  0.0445    -0.0504   \n",
      "swir16     0.7227  0.5935  1.0000  0.9532 -0.5550 -0.6774 -0.0184    -0.1617   \n",
      "swir22     0.6311  0.5535  0.9532  1.0000 -0.6338 -0.6249  0.0508    -0.2416   \n",
      "NDMI       0.1416 -0.1295 -0.5550 -0.6338  1.0000  0.5044 -0.1713     0.3978   \n",
      "MNDWI     -0.4329  0.1283 -0.6774 -0.6249  0.5044  1.0000  0.1192     0.1205   \n",
      "pet       -0.1585  0.0445 -0.0184  0.0508 -0.1713  0.1192  1.0000    -0.1350   \n",
      "month_sin  0.1191 -0.0504 -0.1617 -0.2416  0.3978  0.1205 -0.1350     1.0000   \n",
      "month_cos  0.2067  0.0462  0.0482  0.0299  0.2009 -0.0016 -0.0275    -0.0136   \n",
      "\n",
      "           month_cos  \n",
      "nir           0.2067  \n",
      "green         0.0462  \n",
      "swir16        0.0482  \n",
      "swir22        0.0299  \n",
      "NDMI          0.2009  \n",
      "MNDWI        -0.0016  \n",
      "pet          -0.0275  \n",
      "month_sin    -0.0136  \n",
      "month_cos     1.0000  \n"
     ]
    }
   ],
   "source": [
    "features_for_corr = ['nir', 'green', 'swir16', 'swir22', 'NDMI', 'MNDWI', 'pet', 'month_sin', 'month_cos']\n",
    "corr_before = df[features_for_corr].corr().round(4)\n",
    "print(\"\\nCorrelation matrix BEFORE feature selection:\\n\")\n",
    "print(corr_before)"
   ]
  },
  {
   "cell_type": "code",
   "execution_count": 6,
   "id": "9b73244d",
   "metadata": {},
   "outputs": [],
   "source": [
    "drop_cols = ['NDMI', 'MNDWI', 'swir22', 'Sample Date', 'month']\n",
    "df_clean = df.drop(columns=drop_cols)\n",
    "\n",
    "keep_features = ['nir', 'green', 'swir16', 'pet', 'month_sin', 'month_cos']"
   ]
  },
  {
   "cell_type": "code",
   "execution_count": 8,
   "id": "ca628424",
   "metadata": {},
   "outputs": [
    {
     "name": "stdout",
     "output_type": "stream",
     "text": [
      "\n",
      "Correlation matrix AFTER feature selection:\n",
      "\n",
      "              nir   green  swir16     pet  month_sin  month_cos\n",
      "nir        1.0000  0.5624  0.7227 -0.1585     0.1191     0.2067\n",
      "green      0.5624  1.0000  0.5935  0.0445    -0.0504     0.0462\n",
      "swir16     0.7227  0.5935  1.0000 -0.0184    -0.1617     0.0482\n",
      "pet       -0.1585  0.0445 -0.0184  1.0000    -0.1350    -0.0275\n",
      "month_sin  0.1191 -0.0504 -0.1617 -0.1350     1.0000    -0.0136\n",
      "month_cos  0.2067  0.0462  0.0482 -0.0275    -0.0136     1.0000\n"
     ]
    }
   ],
   "source": [
    "corr_after = df_clean[keep_features].corr().round(4)\n",
    "print(\"\\nCorrelation matrix AFTER feature selection:\\n\")\n",
    "print(corr_after)\n",
    "\n",
    "predictors = ['nir', 'green', 'swir16', 'month_sin', 'month_cos']\n",
    "max_offdiag = corr_after.loc[predictors, predictors].abs() \\\n",
    "    .where(~np.eye(len(predictors), dtype=bool)).max().max()"
   ]
  },
  {
   "cell_type": "code",
   "execution_count": 9,
   "id": "756e78de",
   "metadata": {},
   "outputs": [
    {
     "name": "stdout",
     "output_type": "stream",
     "text": [
      "\n",
      "Cleaned dataset saved → cleaned_landsat_terraclimate_data.csv (Shape: (8234, 8))\n"
     ]
    }
   ],
   "source": [
    "output_file = 'cleaned_landsat_terraclimate_data.csv'\n",
    "df_clean[['Latitude', 'Longitude'] + keep_features].to_csv(output_file, index=False)\n",
    "print(f\"\\nCleaned dataset saved → {output_file} (Shape: {df_clean.shape})\")"
   ]
  },
  {
   "cell_type": "code",
   "execution_count": 10,
   "id": "202aa8a7",
   "metadata": {},
   "outputs": [],
   "source": [
    "X = df_clean[['nir', 'green', 'swir16', 'month_sin', 'month_cos']]\n",
    "y = df_clean['pet']\n",
    "\n",
    "X_train, X_test, y_train, y_test = train_test_split(X, y, test_size=0.2, random_state=42)"
   ]
  },
  {
   "cell_type": "code",
   "execution_count": 11,
   "id": "63c3caac",
   "metadata": {},
   "outputs": [
    {
     "name": "stderr",
     "output_type": "stream",
     "text": [
      "/Users/richard/.pyenv/versions/tf310/lib/python3.10/site-packages/keras/src/layers/core/dense.py:93: UserWarning: Do not pass an `input_shape`/`input_dim` argument to a layer. When using Sequential models, prefer using an `Input(shape)` object as the first layer in the model instead.\n",
      "  super().__init__(activity_regularizer=activity_regularizer, **kwargs)\n"
     ]
    },
    {
     "name": "stdout",
     "output_type": "stream",
     "text": [
      "\u001b[1m52/52\u001b[0m \u001b[32m━━━━━━━━━━━━━━━━━━━━\u001b[0m\u001b[37m\u001b[0m \u001b[1m0s\u001b[0m 2ms/step\n",
      "\n",
      "Neural Network R² on test set: -1.3060\n"
     ]
    }
   ],
   "source": [
    "model_nn = Sequential([\n",
    "    Dense(64, activation='relu', input_shape=(X_train.shape[1],)),\n",
    "    Dense(32, activation='relu'),\n",
    "    Dense(1) \n",
    "])\n",
    "model_nn.compile(optimizer=Adam(learning_rate=0.001), loss='mse', metrics=['mae'])\n",
    "model_nn.fit(X_train, y_train, epochs=50, batch_size=32, validation_split=0.2, verbose=0)\n",
    "y_pred_nn = model_nn.predict(X_test)\n",
    "r2_nn = r2_score(y_test, y_pred_nn)\n",
    "print(f\"\\nNeural Network R² on test set: {r2_nn:.4f}\")"
   ]
  },
  {
   "cell_type": "code",
   "execution_count": 12,
   "id": "234b9bb8",
   "metadata": {},
   "outputs": [
    {
     "name": "stdout",
     "output_type": "stream",
     "text": [
      "Random Forest R² on test set: 0.3319\n"
     ]
    }
   ],
   "source": [
    "model_rf = RandomForestRegressor(n_estimators=100, random_state=42)\n",
    "model_rf.fit(X_train, y_train)\n",
    "y_pred_rf = model_rf.predict(X_test)\n",
    "r2_rf = r2_score(y_test, y_pred_rf)\n",
    "print(f\"Random Forest R² on test set: {r2_rf:.4f}\")"
   ]
  }
 ],
 "metadata": {
  "kernelspec": {
   "display_name": "Python 3",
   "language": "python",
   "name": "python3"
  },
  "language_info": {
   "codemirror_mode": {
    "name": "ipython",
    "version": 3
   },
   "file_extension": ".py",
   "mimetype": "text/x-python",
   "name": "python",
   "nbconvert_exporter": "python",
   "pygments_lexer": "ipython3",
   "version": "3.10.13"
  }
 },
 "nbformat": 4,
 "nbformat_minor": 5
}
